735653.842017292
864539.328874826
870598.738692869
880595.721081595
772326.833588285
964711.968828167
868813.289773731
897470.451108053
761006.024925619
1382163.24562624
838533.356445299
918830.937198385
776937.314082018
1444507.14425898
782219.416100985
940590.21283192
1075411.90642073
1052235.07887759
808754.399221833
886265.277497034
804424.852679783
694616.411315807
874013.313319388
937830.839745917
846531.155376099
1063773.36134617
989249.651290695
1477950.0950514
835279.277363144
901225.238324924
994423.721825515
1690816.1833344
764924.151703433
873896.419315926
1540861.04786525
859700.087374384
668091.097990032
823493.083944856
605923.841967051
942785.78343532
846492.733368541
770869.072724698
1064689.21224193
978775.261224572
978676.272254969
1033634.14387034
904731.116845189
931732.830289712
933445.458225299
1040837.44024308
962808.250597953
1520767.20885477
912383.104230876
1317924.3012084
898121.224754403
982027.332490027
673247.351033119
715628.067588289
759663.018994085
709905.034498576
1343815.13332169
869669.051854137
1732635.91110033
769675.994299475
990926.087009278
765106.511664778
1685319.87270439
832025.464739701
863629.858767594
933180.375507374
780670.4302058
1071594.43104509
790340.931823237
848572.062828816
1101741.82757477
1088630.06701123
925418.048716078
1372467.10752788
1032454.57236595
816840.993755749
740505.687492342
742631.900404359
788701.969849859
760401.681659639
729630.188513383
906669.829605986
860709.660097432
791731.749167808
670973.210565385
735413.641733328
956656.670579316
1481799.9786498
919478.826953518
769026.658552219
804012.639129464
920437.397631461
983670.57241314
808430.478987988
782704.565418503
1571853.02981814
1019247.79622489
1003767.11093929
863082.150638708
1039484.23506497
657087.471747802
628839.913741019
913051.964485581
657390.904867544
871724.016131651
1593406.99227554
1035471.35772027
735072.537044159
947442.454924723
834813.171859339
797415.11039068
1222059.99110244
709240.856099583
1144160.17633734
788477.931878188
781955.251275449
945036.292508252
1477550.42050685
899029.053342014
923507.830037031
1123013.39282441
924402.007944195
700651.515141171
757068.599375247
763327.647929601
1026434.98884919
931929.622095463
1426331.99278778
771596.905253803
1048202.20503635
954631.088888355
884321.574356582
869677.840739974
711476.54988586
1034390.43482122
1062434.50177658
1029345.03382822
911878.979295408
1025130.27039541
1000345.08783207
829895.703584968
739801.275159493
825363.818952454
1258311.52049265
751661.340138583
951779.094181047
690780.905052125
831581.805535457
880128.473584979
796895.651066727
803896.725054587
1017707.25287584
759053.396070344
944791.821336709
652990.368488776
825892.574776993
756727.694640982
841980.886621253
953518.146109471
1233891.10553481
1004417.72101604
651666.505213072
1330840.29320589
823081.565551585
728843.291006093
893343.829605761
1098679.39080436
842263.468313097
1194184.84209843
1025181.28520969
990805.079557672
850136.45083664
1021240.20236937
760952.312200758
795933.443026744
631263.065281649
819575.465195812
958905.860467395
944312.117275265
836048.992059381
1190298.39988942
901901.870606418
706196.468852362
942822.425370306
745251.676375956
594756.969100294
643201.532500638
876333.638960478
1010189.41562723
800039.703764798
985473.464693679
2145898.86242433
918250.642526936
867167.797837676
1169929.3941705
888679.784224736
1066511.5455063
1001885.47335326
826757.837332948
948342.156715379
809741.239575766
808292.577263225
839211.550342001
818485.13213927
797737.039000388
1268763.07839425
847232.103680717
882169.799827416
763080.484664907
1224848.67655951
1728916.80593692
663649.911485566
952184.691874654
1127714.02810521
742161.297385955
705154.3348609
857041.796349585
926640.296926207
812233.741713901
868936.716747487
937740.140714375
862804.382899462
807041.48545002
647925.151822963
1099939.92310782
846617.996857049
913350.134512749
729536.547955387
604969.057628201
908139.75656036
695425.738681995
699509.962356879
928118.967351592
1308858.96886389
695361.439723811
715546.583499043
942879.668659667
674868.983702671
977141.42389173
880100.557313792
1088246.10876599
655659.088259558
835864.715477425
1068668.47340098
848716.2344119
2371535.43825524
906944.571844853
867694.141956998
778382.896390895
978838.203249401
734232.859277128
955247.88192597
1359624.0919743
798850.526695562
885117.659631742
699684.183346518
1735831.53699768
813209.763241177
784315.697889904
1323400.93662239
658382.470526294
936109.029755519
1177354.42127843
942701.012792763
707377.232555732
830579.386009195
1332615.41322436
916404.500912606
1005577.88598034
706234.851159694
804561.928916283
1053124.13430495
1163438.5996313
1726907.80639131
1011318.018435
955577.442262514
1130003.88328897
1414949.10760711
654716.463593015
952542.153301398
720450.576182829
1068922.5163835
777923.220595552
713519.04108207
932976.883292881
897647.173509199
1014340.92275967
1059509.6779204
885712.021980986
754482.298940433
961678.067774236
884891.585739266
900209.952284388
756690.911023477
1348102.84246337
883279.397576961
715128.243893131
1408200.94260552
1050044.37251436
1383542.61075972
1068894.95188349
753271.386732234
1020884.2273878
1054229.34033162
4303433.88878465
930422.050506466
818217.47476894
864378.890417626
822845.419710727
738966.89754333
786049.30508985
1023436.21212864
985073.898797384
789669.876140331
822416.914246784
700645.538123464
813826.583322216
2090544.83989014
1077467.36918142
882251.000026133
953420.701995519
1012681.41083474
776749.150427157
911370.307300689
809171.564053942
753403.713857228
950829.844077147
886386.61100967
1171958.7566208
928280.645215346
815936.838589128
758023.273776096
835538.877196947
723154.776704234
1073467.10206686
938329.948181565
994582.653999893
1081900.98153767
875643.610049592
824871.363063059
1087178.65588056
1075771.84443758
988958.597323705
839203.788624073
749138.518743193
929838.361264143
1152312.18090442
843444.580340005
1017573.34742453
918513.374507307
814910.782276359
723401.789691057
1072499.83290267
953862.724682024
1047286.96959616
953482.406331247
1028594.96107415
752959.690714142
1595334.96822171
678459.324873365
903111.038759448
695733.159722854
933419.858859785
755358.391192913
825328.45848873
1113518.54943563
1146821.23028895
1233426.82355557
773430.226459741
879040.255564247
936347.187640309
1024783.14847035
750452.315711876
826646.264318596
857894.096731979
1094134.54942076
849812.388812902
637711.091090424
814692.103516881
935631.554568795
1308990.03739975
1121240.62121463
856666.153972814
900216.517052915
908464.664859963
1335749.33387443
803803.363917635
916487.55555754
3201567.54469297
1028651.38442446
785411.072220842
1076761.63906368
903134.17732944
723484.749036844
1093716.73304556
872415.85961398
823315.91687532
804086.455464526
791880.595877445
1025820.17314028
1213050.59679355
833689.64344345
772496.185156511
912767.739293429
928553.786427959
907183.80763893
861093.57299115
829440.843726674
809076.261820862
1065465.77021576
830717.454649767
886839.681197451
1241459.90164185
796600.331334094
788202.876257916
1457242.65281001
1101594.10144692
938505.98394719
790887.002375607
1760111.10719394
819009.559279114
1040403.48486625
943496.179090362
913745.895176761
721008.037106537
763292.655737702
2219319.31885329
819366.031004358
805049.614626384
853546.443424549
752754.914502077
808622.198932509
733210.873320299
903760.745646922
930580.041209152
1146339.47243072
807984.531601141
1070267.01145537
918898.273448299
794449.069250668
1038291.96167869
806405.973304365
766639.274339247
880080.604430302
894801.051549023
1234132.2012974
1673878.22054382
1496441.50004585
1573568.24528693
1612145.83806811
864916.834037773
873843.468604742
760248.266515922
839783.054864339
686113.638977946
1121924.68044738
1350551.71703536
850774.518500016
750363.453790111
1198739.06132182
1095619.72345351
1120760.9668819
692220.947408761
957943.301712311
735291.840639411
1257458.10197186
871313.033147473
903778.319557095
982331.546699723
1132875.59016884
903709.532290744
879775.048872682
1136327.24213164
841291.634759056
938996.529224409
926104.745983042
715424.640235138
913587.997458337
820691.381895487
739616.327869259
753119.327507892
785320.181466938
849846.799043245
805414.608389075
947280.274232549
964112.388418028
933055.389702822
1570411.10103818
805273.789466787
925035.775550364
1052929.23932762
872844.067270985
899372.857617939
1101038.68435043
1165948.97923042
1325910.88628023
744476.580756231
688677.490104784
1017349.23384212
809144.177306953
857004.830822315
736129.131643426
758280.506802987
810272.052225014
810463.869550852
744408.966693179
902645.488256396
689972.84679766
1485197.62684299
812383.86716572
831179.775672505
738295.486586447
3179207.29985919
906406.048648148
789567.81723975
1023126.15735962
977890.338331226
769733.86715532
908549.954442083
872200.725541903
979761.664328167
1230156.59133533
664526.355051941
695870.382918046
994016.182743745
1048928.64490404
1026753.43255165
1453900.71528151
840419.094385412
837466.306336877
1068983.92364453
839933.452192251
697900.261604291
877688.187013764
949104.515494345
801154.464763019
827046.684724074
691383.162704508
940675.055697119
1086612.552151
721930.723877137
789712.0727094
751300.615208298
1018766.29166485
921373.664079278
1162787.57996129
1163470.37801289
820851.333141645
803371.939468349
977290.92730506
1352815.57890927
833464.617050849
1052171.40922184
925184.938437456
834352.786463905
945696.656582344
1692845.73445468
889891.084546144
797993.107417317
767859.146151444
1317470.98826508
697058.024440788
2702016.48027454
778199.838157467
976088.702845988
707839.183996585
931960.147251538
783436.329244554
667959.748318624
794567.760011664
988610.519586648
1096093.40355649
869321.992060264
753405.504540844
1131605.87843196
979176.288756888
948299.151929057
950346.420635327
730230.818260708
865925.532603473
1284563.01244428
808290.851957518
901723.738929724
898107.092812043
996498.18225763
831041.011420992
731715.431699672
927772.735678553
953758.884104372
2247143.96412388
897392.899084471
1017516.25043582
861572.54125692
1272346.95711048
748025.433885165
1511218.07703191
979017.012064391
1139531.95286654
878927.289976747
924147.912052685
1394199.55668724
805641.986392792
873664.051625201
840852.049807784
1458077.60039484
822865.861727085
829636.117262492
817365.382421602
755934.934975381
749122.586275886
961175.50804938
1208796.02406584
812543.593170012
754110.851679884
957501.251196031
706710.242993313
959607.532601323
1582787.98375075
825884.116917737
980309.082764048
892816.465402942
1155311.7020827
636243.053238215
714634.73560537
883875.32280764
790700.385478193
1510324.34033413
816069.874752508
2148425.59523993
864559.06322196
917372.476806714
1600038.67735503
953004.889227432
1048066.4861786
944926.965810073
887260.685808581
1130486.02996475
710548.116201099
931087.167907663
1001293.14747202
917454.039280227
828605.527204448
971212.808659096
850396.355890839
980782.832527765
884011.911495087
828953.688375569
841454.678776676
738798.877551249
714918.715855134
2157321.09616564
1277938.24962266
741273.956525183
685333.897647396
1713265.81436286
865942.046037786
2178429.19724611
768493.069939708
731482.203338589
1023895.89255291
1492877.10254333
887311.434292905
638476.002243822
1769219.09973619
774183.10952132
1023950.89957964
767385.995248836
788720.675953106
727025.136511563
848433.075866573
1037078.71353943
756634.978843233
948295.739274443
1311248.40051639
819108.810282024
809856.285693172
1135911.93261684
824036.270095477
932958.084269203
937318.036557792
1081385.70279979
870727.209744203
1018787.14704755
1080623.94679249
674739.488252902
690961.056142016
905076.15033338
1056364.36770647
914904.544235736
1104752.307204
823096.020532275
1305950.4551297
872514.55815093
1468132.43126241
772913.161876834
889568.957224544
841760.631350624
1142884.62305013
2045165.93948783
721045.244575601
736124.667168623
975347.041155049
859964.499829474
1233696.95424871
1550964.68683643
808388.161211789
813167.716596443
1207686.89794149
820332.836155782
1636684.41542756
777342.841860952
714772.199313147
1039916.51066445
1063573.50446894
685422.187742746
693059.927903152
787453.738412528
1004936.26968773
3164929.58347563
783120.737842365
778664.28341915
703129.916039471
996583.827462479
788711.509608917
1065280.0723495
830232.580838983
992764.701923316
848780.090975521
1081608.61726791
720183.9326529
782279.24998898
721052.306291786
773300.250495506
728881.876499887
890420.461030973
754055.166690075
736983.233540991
783837.951958754
833350.495277832
935532.538607268
719963.776868108
897906.865217527
867771.342667468
926266.380387225
950094.73146672
1081372.07147
1377086.28382584
897235.486331043
1003389.87655163
750562.3921901
788547.026628009
1079690.34528371
727036.238302521
757525.436917432
924685.629574254
728061.867625254
3823599.01677006
726150.011725022
1030714.00396503
823908.926426896
712990.943234617
1842334.49735384
1057265.67598143
736239.923793608
698753.879506335
747634.06903857
1325960.35631878
934956.895088806
892865.770335937
859785.885720806
962174.725985173
615334.530076001
816151.169035535
746628.918328475
983786.358066838
890540.339178458
735302.170588752
850427.409456459
822482.583755705
767733.740124346
879858.086102247
867315.919700756
826321.064338684
1780740.03082094
959563.922733166
740283.134023018
857617.617194087
962068.524761901
773867.083374149
834819.828001103
1074279.45385517
1169482.84501124
769554.105599624
939885.152821301
858032.076601315
1189929.48235519
887585.590444714
650516.644138787
918201.294832101
749216.173194331
794435.530705252
1104826.05589737
766238.627317408
795794.920953975
902492.124253369
895322.928888384
901102.372714512
770887.063233831
788084.811732575
1242862.73317226
705314.074120962
737968.644261863
930845.216737689
939410.435309627
1000165.98698332
1112710.78652252
956317.889969093
953418.91546185
786569.311754634
851026.784083706
857907.069114499
1067334.27646351
732536.756009611
969835.452963447
1221452.01623475
784907.624835215
699402.828977259
728737.385569505
816474.875404525
647926.298954418
668064.383958611
942796.165852613
788598.138223627
923279.825191244
978938.344741037
1241285.16675415
804152.475667874
962748.45957337
1199404.53027317
1522852.61914192
722418.554181658
815558.445185908
668588.9125454
922986.347187106
1329288.45156131
786849.066436181
1130414.67599347
1220634.90949436
1564225.56901726
971817.584003209
1377113.85260118
1511877.62458504
2043296.42876374
1688521.90917359
776139.514436408
641966.034363643
1306561.26158405
907621.604060392
790695.763707805
1001771.24740315
730387.350133459
776321.324318386
712349.852607003
1481411.06825402
1894847.3403175
895970.264736097
1482327.16508755
845766.26367137
1104562.25662006
858597.490096284
1455098.5287344
910517.107444629
955809.732251268
1059267.2863872
953129.711963576
746853.579999274
1059989.35081566
859773.069487493
1065134.14070446
834201.993178985
935625.245185217
734022.330318589
728025.423896489
928086.094309819
992219.108991936
824223.309472176
962077.865383521
762741.513616625
842736.163531812
1013523.05897061
770616.879269571
826002.577159715
1389336.23078077
1487224.20894924
1445078.65173212
794060.787709527
966466.785444402
1055689.76741343
766086.760012535
1242918.30312235
781864.590678185
2112447.79506998
1160757.63297699
1073035.3476895
993568.427702089
857821.922852615
1042117.34611847
760997.938052916
932055.530255282
984779.410756017
874662.925180042
2407215.7682811
919131.888270682
867839.482789197
800656.351578618
780344.859896222
1035638.57780968
1119772.04479382
777517.891783043
734877.561638587
994994.915071648
783061.917035402
761330.312892536
846246.472877224
907613.363077914
849896.621746132
941969.093038618
835678.506438953
893379.373100301
1116894.9187251
816817.497071351
1010819.18475652
1201459.27153234
1220953.51684085
676319.077688953
1129261.45669667
896829.344372561
828473.285602249
785057.122347333
1100962.22853114
1161255.34505973
985189.168720674
1666539.31980326
987291.125137937
1755000.96421838
1031631.13048237
1091362.63371366
771393.521303914
1145834.43193977
897507.717560887
764048.094965694
850047.915405599
1048810.04856251
1506337.61917009
911339.862507993
1004076.38111976
767175.363417847
1006778.01784059
882703.573682145
805875.094463745
1252369.51873066
978156.129440657
2025895.00608529
822394.875354155
729480.068124721
676901.176804319
1051823.25018115
2619341.38108505
1152363.05579966
1040736.96294238
1291672.19022149
650227.781647483
912915.368131573
732683.699467175
1338460.89823154
897257.135990647
812324.897178099
782188.319144437
986152.407177694
1002507.09163459
683322.365652079
845098.69968485
1024247.0985305
979318.009946308
744557.143440116
780756.476563436
770146.488797033
1422896.75088268
806394.464318064
947795.497893804
940177.797853021
730671.75249911
747402.491251142
798246.12761025
780849.896506164
857719.141010768
